8.000000
8.882242
9.382494
9.501110
9.258440
8.692791
7.857385
6.816504
5.641100
4.404158
3.176090
2.020487
0.990452
0.125773
-0.548924
-1.024938
-1.309143
-1.422576
-1.398085
-1.277200
-1.106480
-0.933570
-0.803262
-0.753828
-0.813884
-1.000000
-1.315217
-1.748587
-2.275760
-2.860585
-3.457621
-4.015388
-4.480138
-4.799888
-4.928451
-4.829164
-4.478073
-3.866334
-3.001655
-1.908662
-0.628136
0.784849
2.263789
3.734451
5.119197
6.341650
7.331425
8.028612
8.387735
8.380909
8.000000
7.257611
6.186831
4.839733
3.284683
1.602621
-0.117480
-1.783720
-3.306621
-4.604414
-5.607932
-6.264815
-6.542749
-6.431556
-5.943980
-5.115108
-4.000465
-2.672866
-1.218220
0.269482
1.693689
2.961013
3.986787
4.700155
5.048360
5.000000
4.547028
3.705395
2.514289
1.033998
-0.657452
-2.468707
-4.300273
-6.050177
-7.619773
-8.919334
-9.873129
-10.423663
-10.534855
-10.193964
-9.412158
-8.223722
-6.683933
-4.865773
-2.855668
-0.748520
1.357668
3.367235
5.192072
6.756278